Map from character to field name
A:	XEC
B:	XEC.18
C:	XEC.2
D:	XEC.32.1
E:	XEC.38
F:	XEC.9
G:	?


Substitution rate (mu): 8.591728

Equilibrium frequencies (pi_i):
  A: 0.1632
  B: 0.1874
  C: 0.1632
  D: 0.1597
  E: 0.1632
  F: 0.1632

Symmetrized rates from j->i (W_ij):
	A	B	C	D	E	F
  A	0	1.1357	1.1529	1.1625	1.4639	1.1529
  B	1.1357	0	1.1357	1.3015	1.1357	1.1357
  C	1.1529	1.1357	0	1.1625	1.1529	1.4639
  D	1.1625	1.3015	1.1625	0	1.1625	1.1625
  E	1.4639	1.1357	1.1529	1.1625	0	1.1529
  F	1.1529	1.1357	1.4639	1.1625	1.1529	0

Actual rates from j->i (Q_ij):
	A	B	C	D	E	F
  A	0	0.1854	0.1882	0.1897	0.2389	0.1882
  B	0.2128	0	0.2128	0.2439	0.2128	0.2128
  C	0.1882	0.1854	0	0.1897	0.1882	0.2389
  D	0.1857	0.2079	0.1857	0	0.1857	0.1857
  E	0.2389	0.1854	0.1882	0.1897	0	0.1882
  F	0.1882	0.1854	0.2389	0.1897	0.1882	0
